1191
1191
1191
1191
1191
1191
1191
1191
150
1191
1191
1191
1191
1191
149
149
149
149
149
149
151
149
119
118
118
118
147
148
147
147
149
143
145
147
147
145
117
118
147
150
148
1191
121
147
147
147
146
146
146
146
146
147
147
147
147
145
119
118
118
119
118
119
119
120
147
119
147
119
119
119
119
120
120
120
120
119
119
119
119
118
118
118
118
118
118
118
118
117
117
117
118
118
119
118
118
118
118
119
118
119
119
119
118
119
118
118
118
118
118
118
119
118
118
118
118
118
118
118
118
118
118
118
118
118
118
118
118
118
118
118
118
118
118
118
117
118
118
119
118
118
118
118
118
118
118
119
120
308
115
115
113
112
112
110
108
107
105
104
103
101
100
99
98
97
96
95
94
94
93
92
91
90
90
89
88
87
86
85
85
84
83
83
81
80
79
79
78
77
76
75
74
74
73
73
72
72
71
71
70
70
69
68
68
68
66
66
65
65
65
64
63
62
62
62
61
61
60
60
60
59
59
59
58
58
58
58
57
57
57
56
56
55
54
54
54
54
53
52
52
51
51
51
50
50
50
49
49
48
49
48
48
47
47
47
47
47
46
46
47
46
46
46
45
44
45
44
44
43
44
42
42
43
41
41
41
41
42
41
41
41
40
40
40
39
39
39
38
37
37
37
35
35
35
33
33
32
31
31
30
29
28
27
27
26
26
27
24
23
23
22
21
20
20
18
18
18
17
16
15
15
14
13
13
12
13
11
11
11
9
9
9
8
8
9
8
7
6
5
5
5
6
5
5
5
5
4
4
5
4
5
4
3
4
4
3
5
4
4
5
5
4
3
3
3
4
3
3
3
4
3
3
3
4
3
3
2
2
2
2
2
3
3
3
2
2
3
4
